13 0.2838541666666667 0.6388888888888888 0.04010416666666667 0.14166666666666666 97.13 
4 0.23333333333333334 0.6037037037037037 0.053125 0.23703703703703705 97.13 
2 0.18125 0.6027777777777777 0.0546875 0.25092592592592594 97.13 
10 0.3567708333333333 0.5453703703703704 0.049479166666666664 0.0787037037037037 99.84 
14 0.440625 0.6574074074074074 0.06354166666666666 0.07962962962962963 99.84 
0 0.3671875 0.6481481481481481 0.065625 0.10833333333333334 99.84 
3 0.534375 0.5740740740740741 0.0546875 0.23981481481481481 99.95 
2 0.6072916666666667 0.5777777777777777 0.09635416666666667 0.19444444444444445 99.95 
1 0.5880208333333333 0.4564814814814815 0.05520833333333333 0.1 99.95 
4 0.7026041666666667 0.5527777777777778 0.0421875 0.2462962962962963 99.91 
14 0.7510416666666667 0.6287037037037037 0.059895833333333336 0.08518518518518518 99.91 
0 0.7713541666666667 0.5342592592592592 0.06354166666666666 0.10462962962962963 99.91 
