10 0.215625 0.3388888888888889 0.04635416666666667 0.09166666666666666 97.77 
12 0.20833333333333334 0.5111111111111111 0.0640625 0.2074074074074074 97.77 
0 0.2734375 0.49074074074074076 0.06354166666666666 0.1111111111111111 97.77 
11 0.3890625 0.3287037037037037 0.0703125 0.1111111111111111 94.87 
5 0.37395833333333334 0.5203703703703704 0.058333333333333334 0.22407407407407406 94.87 
7 0.4552083333333333 0.43796296296296294 0.07135416666666666 0.11388888888888889 94.87 
7 0.5541666666666667 0.5314814814814814 0.0734375 0.11481481481481481 98.82 
13 0.5526041666666667 0.4185185185185185 0.07291666666666667 0.09166666666666666 98.82 
1 0.5552083333333333 0.6546296296296297 0.0640625 0.09722222222222222 98.82 
4 0.746875 0.44814814814814813 0.103125 0.1675925925925926 99.34 
12 0.740625 0.5657407407407408 0.08489583333333334 0.16111111111111112 99.34 
14 0.7197916666666667 0.6509259259259259 0.041666666666666664 0.10092592592592593 99.34 
